t = 0
b =  35.0 35.0 35.0
E = 0. 0. 0.
5.48852022006 26.9212958035 29.9471988881 0.800702906215 0.26785045181 -0.535846052 0.362288329137 0.495858999965 0.789221780443 0.0 0.0 0.0 0.0 0.0 0.0
5.8888409505 26.8544631973 30.2992810058 0.368845911395 0.701350494724 -0.609967357486 0.362288329137 0.495858999965 0.789221780443 0.0 0.0 0.0 0.0 0.0 0.0
6.37324011805 26.9475034585 30.5123210453 -0.203141811939 0.868395758737 -0.452351865752 0.362288329137 0.495858999965 0.789221780443 0.0 0.0 0.0 0.0 0.0 0.0
6.81133310317 27.2384945602 30.6222474627 -0.697952564567 0.705522955203 -0.1228803373 0.362288329137 0.495858999965 0.789221780443 0.0 0.0 0.0 0.0 0.0 0.0
7.09032777923 27.6903096417 30.7041633033 -0.927599468772 0.274610185273 0.253275485743 0.362288329137 0.495858999965 0.789221780443 0.0 0.0 0.0 0.0 0.0 0.0
7.15787612721 28.2047221236 30.8438132989 -0.804835826154 -0.26063158528 0.533207717211 0.362288329137 0.495858999965 0.789221780443 0.0 0.0 0.0 0.0 0.0 0.0
7.04196212329 28.6597236274 31.1050080104 -0.376301597043 -0.696855059057 0.610565422154 0.362288329137 0.495858999965 0.789221780443 0.0 0.0 0.0 0.0 0.0 0.0
6.84027015848 28.9558769986 31.5053811291 0.195195900212 -0.868331645103 0.45595911511 0.362288329137 0.495858999965 0.789221780443 0.0 0.0 0.0 0.0 0.0 0.0
6.68307310527 29.054094144 32.0096901425 0.692535211475 -0.709914521444 0.128126317007 0.362288329137 0.495858999965 0.789221780443 0.0 0.0 0.0 0.0 0.0 0.0
6.6837394753 28.9904862519 32.5432055538 0.926768817327 -0.28178900195 -0.248383811085 0.362288329137 0.495858999965 0.789221780443 0.0 0.0 0.0 0.0 0.0 0.0
6.8956628264 28.8626445479 33.0201018676 0.808907454729 0.253392870645 -0.53052877659 0.362288329137 0.495858999965 0.789221780443 0.0 0.0 0.0 0.0 0.0 0.0
7.29197665727 28.7925637567 33.3760641301 0.383728625867 0.69230655518 -0.611116989901 0.362288329137 0.495858999965 0.789221780443 0.0 0.0 0.0 0.0 0.0 0.0
7.77576144047 28.8802942666 33.5927222554 -0.187235123562 0.868201404653 -0.459531641416 0.362288329137 0.495858999965 0.789221780443 0.0 0.0 0.0 0.0 0.0 0.0
8.21686597136 29.165931314 33.7046301287 -0.687065119145 0.714252024946 -0.133362539399 0.362288329137 0.495858999965 0.789221780443 0.0 0.0 0.0 0.0 0.0 0.0
8.50135398673 29.614382133 33.7861380069 -0.925867588849 0.288946359304 0.243473221039 0.362288329137 0.495858999965 0.789221780443 0.0 0.0 0.0 0.0 0.0 0.0
8.57479045609 30.1286982836 33.9231456135 -0.812917481869 -0.246134859163 0.527809434149 0.362288329137 0.495858999965 0.789221780443 0.0 0.0 0.0 0.0 0.0 0.0
8.46292235987 30.5869079854 34.1804673973 -0.391126432271 -0.687705329478 0.611622018723 0.362288329137 0.495858999965 0.789221780443 0.0 0.0 0.0 0.0 0.0 0.0
8.26189698112 30.8883552356 34.5772084394 0.179260088232 -0.868005047305 0.463069172609 0.362288329137 0.495858999965 0.789221780443 0.0 0.0 0.0 0.0 0.0 0.0
11.5097744434 17.9103357034 32.6278831345 0.818847897257 -0.161506953155 0.550820864928 0.179211180221 0.983565108776 0.0219779362579 0.0 0.0 0.0 0.0 0.0 0.0
11.4810969458 18.3036831055 32.9927673963 0.983060161958 -0.178157381529 -0.0430425995698 0.179211180221 0.983565108776 0.0219779362579 0.0 0.0 0.0 0.0 0.0 0.0
11.6765080432 18.6564195268 33.3478400963 0.773791435242 -0.127122842028 -0.620553460857 0.179211180221 0.983565108776 0.0219779362579 0.0 0.0 0.0 0.0 0.0 0.0
12.0483049225 18.9801782922 33.5614576153 0.270546405174 -0.0277922094597 -0.962305687264 0.179211180221 0.983565108776 0.0219779362579 0.0 0.0 0.0 0.0 0.0 0.0
12.4817728634 19.2976018227 33.5557175227 -0.335483727514 0.0820971481431 -0.938461894186 0.179211180221 0.983565108776 0.0219779362579 0.0 0.0 0.0 0.0 0.0 0.0
12.838767278 19.6337394006 33.3360550117 -0.814057983131 0.160796426575 -0.558080737261 0.179211180221 0.983565108776 0.0219779362579 0.0 0.0 0.0 0.0 0.0 0.0
13.0101971498 20.0065305291 32.9891779791 -0.983358000632 0.178406454178 0.0343246223619 0.179211180221 0.983565108776 0.0219779362579 0.0 0.0 0.0 0.0 0.0 0.0
12.9574705344 20.4199894143 32.6501252453 -0.779063872824 0.128236887043 0.613689484073 0.179211180221 0.983565108776 0.0219779362579 0.0 0.0 0.0 0.0 0.0 0.0
12.7271562846 20.8626799021 32.4509630486 -0.278790354477 0.0293479825127 0.959903450443 0.179211180221 0.983565108776 0.0219779362579 0.0 0.0 0.0 0.0 0.0 0.0
12.4332917648 21.3120602633 32.4706108737 0.327400280662 -0.0806907112458 0.941434047261 0.179211180221 0.983565108776 0.0219779362579 0.0 0.0 0.0 0.0 0.0 0.0
12.2140581493 21.7430471744 32.7048586195 0.809206075337 -0.160073654725 0.565298109586 0.179211180221 0.983565108776 0.0219779362579 0.0 0.0 0.0 0.0 0.0 0.0
12.1792830841 22.1375452909 33.0679660872 0.983580952787 -0.178641940486 -0.0256040312012 0.179211180221 0.983565108776 0.0219779362579 0.0 0.0 0.0 0.0 0.0 0.0
12.368715328 22.4913219714 33.4252371151 0.784276981677 -0.129341166322 -0.606778772458 0.179211180221 0.983565108776 0.0219779362579 0.0 0.0 0.0 0.0 0.0 0.0
12.7369235346 22.8156153289 33.6441929028 0.287013072816 -0.0309015206032 -0.957428113258 0.179211180221 0.983565108776 0.0219779362579 0.0 0.0 0.0 0.0 0.0 0.0
13.1705563802 23.1328646839 33.6449029219 -0.31929190101 0.0792781294385 -0.944334506487 0.179211180221 0.983565108776 0.0219779362579 0.0 0.0 0.0 0.0 0.0 0.0
13.5314066269 23.468185491 33.4303518606 -0.804292543367 0.159338692647 -0.57247243227 0.179211180221 0.983565108776 0.0219779362579 0.0 0.0 0.0 0.0 0.0 0.0
13.708918363 23.8398275581 33.0853056903 -0.983729001445 0.178863822518 0.0168814901943 0.179211180221 0.983565108776 0.0219779362579 0.0 0.0 0.0 0.0 0.0 0.0
13.6621890423 24.2522416391 32.7441076562 -0.789430364801 0.130435595771 0.599821852291 0.179211180221 0.983565108776 0.0219779362579 0.0 0.0 0.0 0.0 0.0 0.0
